# fwhFoam: acoustic pressure time history
# Observer 0  position (0.5 0 0)
# 
# time [s]          p' [Pa]
0.1	1.3544677e-07
0.2	1.0106037e-07
0.3	8.834986e-08
0.4	8.3799048e-08
0.5	8.1141555e-08
0.6	8.0346479e-08
0.7	8.0563227e-08
0.8	8.1373512e-08
0.9	8.2521924e-08
1	8.3854487e-08
1.1	8.6328913e-08
1.2	8.7470328e-08
1.3	8.8725751e-08
1.4	8.9914524e-08
1.5	9.1014573e-08
1.6	9.2010491e-08
1.7	9.2893534e-08
1.8	9.3660081e-08
1.9	9.4309019e-08
2	9.4844225e-08
2.1	9.5270775e-08
2.2	9.5586809e-08
2.3	9.5823063e-08
2.4	9.5971731e-08
2.5	9.6041102e-08
2.6	9.6049545e-08
2.7	9.5993561e-08
2.8	9.5892864e-08
2.9	9.5743048e-08
3	9.5556006e-08
3.1	9.5348656e-08
3.2	9.5106569e-08
3.3	9.4849251e-08
3.4	9.4575254e-08
3.5	9.4283623e-08
3.6	9.3987929e-08
3.7	9.3329713e-08
3.8	9.3060494e-08
3.9	9.2783299e-08
4	9.2498778e-08
4.1	9.2209006e-08
4.2	9.1920113e-08
4.3	9.1632471e-08
4.4	9.1345458e-08
4.5	9.1065316e-08
4.6	9.0789237e-08
4.7	9.0519158e-08
4.8	9.0258335e-08
4.9	9.0002462e-08
5	8.9753771e-08
5.1	8.9512894e-08
5.2	8.9282068e-08
5.3	8.9056334e-08
5.4	8.8840786e-08
5.5	8.8630352e-08
5.6	8.8432477e-08
5.7	8.8232797e-08
5.8	8.8044145e-08
5.9	8.7864066e-08
6	8.7689824e-08
6.1	8.7522816e-08
6.2	8.736406e-08
6.3	8.7199511e-08
6.4	8.7052428e-08
6.5	8.6906545e-08
6.6	8.6766461e-08
6.7	8.6631628e-08
6.8	8.6495863e-08
6.9	8.636731e-08
7	8.6238837e-08
7.1	8.6114966e-08
7.2	8.5990644e-08
7.3	8.5867153e-08
7.4	8.5744944e-08
7.5	8.5622367e-08
7.6	8.5498616e-08
7.7	8.5374808e-08
7.8	8.5250416e-08
7.9	8.512356e-08
8	8.4997133e-08
8.1	8.4868679e-08
8.2	8.4739906e-08
8.3	8.4610728e-08
8.4	8.4481219e-08
8.5	8.4352203e-08
8.6	8.4222568e-08
8.7	8.4095631e-08
8.8	8.3969232e-08
8.9	8.3844097e-08
9	8.3721968e-08
9.1	8.3601794e-08
9.2	8.3483212e-08
9.3	8.336746e-08
9.4	8.3253889e-08
9.5	8.3143103e-08
9.6	8.3033188e-08
9.7	8.2927371e-08
9.8	8.28233e-08
9.9	8.2714877e-08
10	8.2614627e-08
